380
370
370
370
370
370
360
370
370
370
370
370
370
370
370
370
370
370
370
370
370
380
380
380
380
380
370
370
370
370
370
380
380
380
400
390
400
390
400
410
420
420
410
410
410
420
400
410
410
410
410
410
410
410
410
420
410
410
410
410
410
410
410
400
390
390
390
390
390
400
410
400
400
400
400
390
380
380
390
390
390
380
390
390
390
380
380
380
380
380
380
380
390
390
390
390
390
390
380
390
390
390
400
400
400
390
380
380
380
380
370
380
380
380
380
380
380
380
380
400
400
400
400
400
400
410
410
430
430
430
440
440
440
460
460
460
460
450
430
440
440
440
440
460
450
450
450
450
450
440
450
450
450
450
450
450
450
460
460
460
460
470
470
460
460
470
460
450
460
460
460
470
470
470
470
470
470
450
460
460
460
460
460
460
460
440
440
450
450
450
450
460
460
460
460
460
470
480
480
490
470
480
470
470
470
480
480
470
480
470
470
480
480
490
510
510
510
510
510
510
520
540
540
540
540
540
530
550
570
560
580
590
600
600
600
620
610
610
600
610
600
600
590
590
590
590
580
570
530
500
510
500
510
530
530
500
510
500
510
520
510
510
530
540
540
530
540
550
550
550
570
590
580
580
600
600
600
610
610
610
590
600
590
590
590
590
590
590
600
590
590
610
610
610
610
610
600
610
590
590
580
570
580
590
590
590
590
600
600
590
590
590
600
590
600
590
590
590
590
590
590
570
580
580
560
550
550
550
570
570
570
570
560
560
560
560
560
540
540
540
550
540
550
550
560
560
550
560
570
560
570
580
580
590
590
580
580
590
580
580
580
590
580
580
590
590
590
580
580
590
610
620
630
640
650
640
660
650
640
650
650
660
640
650
650
650
650
650
660
660
660
650
650
660
650
650
630
640
640
630
610
600
620
600
610
600
620
630
620
630
610
610
610
610
600
590
580
580
600
590
600
610
610
620
630
610
620
630
630
620
620
640
650
640
640
650
650
690
680
700
710
730
730
740
730
720
710
720
730
720
720
740
730
720
720
740
750
740
740
750
730
740
730
730
730
730
770
780
770
780
790
820
870
930
950
970
1090
970
1010
1000
1010
1110
990
1030
1020
1080
1080
1070
1100
1100
1140
1190
1180
1200
1210
1210
1220
1270
1250
1180
1150
1220
1250
1220
1190
1200
1180
1210
1220
1220
1290
1320
1320
1330
1310
1300
1270
1210
1090
1130
1020
1000
1030
1050
1130
1110
1020
1120
1080
1030
1030
1060
1070
1070
1120
1110
1110
1150
1190
1220
1190
1230
1180
1230
1220
1150
1160
1180
1160
1210
1230
1250
1230
1250
1210
1180
1200
1230
1260
1240
1210
1230
1240
1220
1230
1320
1320
1380
1420
1420
1410
1390
1370
1310
1310
1310
1320
1340
1300
1260
1230
1190
1170
1120
1170
1170
1220
1230
1240
1230
1260
1260
1230
1250
1250
1240
1320
1340
1320
1360
1350
1430
1440
1390
1420
1400
1350
1380
1340
1310
1280
1330
1330
1320
1280
1270
1240
1260
1280
1270
1300
1300
1340
1340
1350
1350
1300
1370
1430
1370
1370
1370
1330
1340
1360
1370
1380
1370
1350
1340
1350
1290
1290
1320
1320
1330
1330
1320
1350
1380
1390
1440
1430
1470
1520
1520
1540
1530
1550
1640
1630
1690
1660
1650
1630
1630
1640
1600
1630
1650
1720
1730
1720
1670
1660
1700
1680
1710
1710
1640
1620
1640
1590
1560
1590
1590
1610
1630
1680
1710
1700
1730
1740
1780
1740
1740
1770
1800
1800
1790
1750
1740
1730
1710
1720
1770
1790
1780
1770
1790
1760
1770
1790
1850
1850
1850
1850
1830
1810
1790
1810
1830
1840
1840
1810
1800
1820
1750
1720
1760
1800
1820
1790
1800
1810
1800
1770
1750
1750
1760
1750
1810
1820
1820
1850
1910
1900
1900
1910
1920
1940
1910
1910
1930
1920
1970
1960
1950
2010
2000
2030
2000
1960
1940
1940
1940
1950
1950
1920
1910
1870
1820
1720
1680
1800
1710
1620
1500
1550
1520
1530
1610
1630
1690
1640
1660
1590
1630
1620
1600
1640
1590
1520
1470
1450
1480
1460
1520
1430
1500
1500
1460
1480
1490
1510
1460
1360
1360
1340
1330
1420
1440
1430
1500
1520
1520
1550
1570
1560
1560
1570
1500
1470
1520
1540
1610
1610
1620
1590
1610
1560
1550
1570
1560
1520
1460
1470
1470
1490
1510
1530
1530
1570
1560
1530
1600
1640
1640
1660
1680
1660
1670
1660
1740
1750
1690
1740
1730
1790
1840
1840
1830
1840
1810
1820
1830
1800
1830
1840
1850
1820
1790
1780
1740
1810
1790
1840
1810
1810
1780
1740
1760
1760
1740
1770
1790
1880
1910
1910
1900
1900
1890
1880
1850
1870
1870
1860
1790
1780
1770
1790
1730
1750
1800
1780
1800
1800
1780
1770
1780
1760
1780
1810
1820
1830
1800
1800
1810
1770
1760
1780
1810
1810
1820
1820
1820
1830
1830
1840
1840
1830
1800
1770
1780
1770
1780
1800
1760
1790
1780
1780
1770
1680
1690
1690
1680
1700
1710
1670
1650
1680
1710
1730
1700
1610
1590
1570
1600
1580
1590
1600
1620
1620
1630
1630
1670
1660
1690
1700
1690
1680
1710
1720
1710
1720
1720
1690
1700
1670
1680
1690
1730
1770
1800
1810
1810
1800
1810
1840
1830
1840
1860
1820
1810
1810
1850
1940
1930
1920
1930