11490
11260
11290
11360
11330
11290
11280
11330
11300
11340
11310
11330
11360
11360
11420
11400
11450
11420
11450
11430
11450
11500
11750
11710
11710
11710
11730
11870
11960
11890
11980
12270
12140
12400
12830
12840
12910
12740
12800
12840
13050
13100
12910
12920
12910
12960
12770
12920
12900
12960
12920
12970
13070
13090
13120
13300
13020
12970
12990
13020
13040
13100
13040
13130
12840
13000
13090
13110
13130
13370
13640
13610
13710
13730
13680
13280
13130
13200
13250
13230
13120
13120
13540
13480
13580
13410
13230
13320
13520
13620
13600
13500
13730
13870
13810
13830
13710
13670
13690
13670
13780
13800
13800
13750
13680
13570
13380
13500
13600
13590
13360
13540
13680
13730
13730
13810
13790
13650
13830
14070
14000
14140
14310
14460
14820
15040
15230
15750
15630
15410
15680
15470
15520
15680
15550
15480
15500
15210
14810
15050
15050
15020
15200
15570
15320
15510
15470
15400
15270
15220
15370
15380
15360
15380
15310
15300
15370
15430
15370
15430
15550
15870
15820
15640
15750
16040
16000
15950
16150
16440
16230
16310
16230
16260
16260
16190
16150
15780
15920
15900
15980
15970
16010
16060
16040
15880
15830
15940
16100
16220
16310
16670
16690
16690
16610
16640
16940
17810
17620
17740
17620
18100
17880
17890
17770
17850
17900
17420
18000
17970
17930
17960
18120
18180
18240
18690
18560
18820
18640
18600
18790
18750
18640
18450
18500
18350
18190
18470
18570
18210
18440
18640
18600
18340
18410
18470
18330
18970
19180
19190
18920
19090
18880
19160
19200
19060
18860
18790
17910
17040
17050
16690
17030
17310
17250
16630
16920
16720
16980
17120
16970
16900
17350
17740
17730
17570
17790
18090
18080
18090
18250
18480
18520
18470
19160
19370
19360
19590
19470
19560
18770
19040
19040
18840
18640
19010
19110
18970
19130
19010
18910
19350
19280
19290
19430
19320
19190
19360
19000
18950
18800
18640
18950
19100
18970
19110
18990
19240
19140
19030
18940
19120
19220
19280
19230
19190
19170
19150
19050
19200
19270
18770
18900
18900
18740
18190
18180
18010
18470
18280
18500
18410
18350
18220
18200
18180
18320
17870
17880
17780
17950
17970
18070
18270
18300
18410
18380
18470
18780
18790
18840
19240
19300
19240
19160
19060
19060
19160
19160
19110
19170
19430
19110
19170
19330
19390
19390
19380
19360
19490
20330
20640
21190
21720
22270
22630
22830
23080
22760
22980
22940
23180
22550
22740
22870
23050
22950
22970
23180
23910
23950
23490
23480
23570
23550
23720
23390
23660
23890
23430
22800
22700
23120
22740
22660
22750
23460
23310
23420
23670
23490
23600
23580
23580
23270
23180
23040
23320
23360
23360
23380
23570
23570
23900
24470
24160
24390
24870
24690
24830
24910
25750
26660
26600
26860
27770
27480
26730
26350
27010
26900
26780
27190
27100
26570
26770
26380
26540
26830
26580
26870
27570
27980
27830
27830
28220
28890
28740
28960
28970
28530
28560
29220
29430
29650
29660
31560
32920
31650
32590
33720
34190
33900
32900
33570
33210
32880
30980
31400
31000
31020
32790
30430
31570
31480
32790
33760
33850
35090
33970
34640
34980
35920
36960
37470
37520
38210
39760
39720
38680
37970
39360
41330
41010
40050
40230
39340
40370
41100
40510
40850
41220
40540
40830
39850
38630
38010
37200
34820
35710
32720
32780
33970
34250
35840
35890
33220
34950
34660
33080
33250
34300
34520
34770
37240
37420
37520
37910
38980
39360
38720
39080
37760
38620
37620
35940
36230
37010
35850
37420
37130
36880
35920
36680
35530
34130
34820
35800
36550
36080
35330
36520
36760
35670
36210
36900
36280
37070
37110
37160
36460
36120
35470
34790
34940
34820
34880
34760
34540
32860
32260
31850
31190
30030
31800
31380
32160
32330
33300
32710
33360
32480
31870
32250
32340
31890
32840
32650
32240
31880
31890
32850
33330
32980
34550
33750
32610
32730
32070
31810
31730
32200
31990
32110
31530
31230
30290
30540
30980
30920
31760
31470
31770
32310
33220
33970
33030
36970
38350
35700
34600
34100
33480
34240
34240
34240
34670
34210
33760
33300
33670
32290
32630
33430
33770
34350
33680
33990
33640
33740
34000
35320
34840
34860
35660
35880
36500
35880
36580
37220
37270
38210
37620
37540
37610
36910
37660
36640
37070
37290
38320
37910
37830
38830
39030
39900
40140
40230
40070
38640
38530
39530
38670
37890
38540
38550
38680
38970
43180
43110
44660
46140
46910
46440
46270
46530
47220
46290
46140
46630
45680
45010
44930
44200
44660
45520
47510
47380
46880
48450
47270
47360
47880
47760
47910
47680
47930
47220
46980
46850
47140
47490
48860
49120
48750
48620
48810
48050
46750
47510
47960
48530
48160
48270
49130
49250
48860
48230
48540
49250
49700
51460
51110
51350
52340
52120
52170
51760
51780
51810
51990
51260
51450
52610
52750
54760
55600
56160
55640
55230
57250
57050
56490
56330
56550
56810
57150
57490
57320
56880
55820
54670
52000
52030
54880
52480
49960
48020
48700
47110
47940
50180
50180
50860
49440
50050
48720
50470
50390
48990
51350
49480
48050
46450
45500
46390
45900
47650
45630
47700
47750
46630
47420
47040
46800
46440
44760
45080
44180
43140
45210
46220
46200
47370
47850
48570
48810
49390
48670
49140
48980
47860
47400
48840
49050
51450
51520
51320
50900
51490
49660
49060
49630
48450
47880
46660
47110
47010
48060
48050
49010
48610
48450
48290
47290
48240
48550
49110
49320
50920
50750
51010
50040
51530
50770
49870
50970
50780
51830
53520
54240
54090
54770
53780
54270
54690
53640
55200
56260
56850
56880
55750
55210
54430
56880
56810
57560
56860
57120
56480
55660
57100
56920
56360
56690
57530
59880
60280
61030
61020
60960
60720
60400
59510
60220
59440
59720
57730
56400
56250
56370
54040
54360
55870
55030
55620
56340
56520
55540
55750
55120
55260
57710
58900
58780
57960
58030
59030
57450
56820
57840
58290
58810
58830
58360
58600
58190
58660
59140
58990
58500
58330
56860
57160
56160
57240
57770
56550
57570
57170
57230
56730
54510
54680
54400
54280
55080
55500
54400
53670
54070
56250
56900
55710
54000
52580
52210
52570
51020
51270
51950
52050
52660
53370
52980
53770
53960
54740
54940
54900
54240
56130
55850
56000
56240
56260
55480
56230
54790
55350
55280
57090
58000
57570
57190
57500
57540
57920
59140
58670
58620
59020
58700
57970
58120
58980
58920
59190
58870
59190